ans =

      1   5000

ans =

   5000    401

ans =

     1   401

ans =

      1   5000

ans =

   5000    401

ans =

     1   401

ans =

      1   5000

ans =

   5000    401

ans =

     1   401

Iteration    47 | Cost: 8.439420e-002